60366
75279
73925
57606
53445
18822
77596
25116
84332
40291
67538
58618
76625
15612
5581
69996
93310
66876
70086
77148
64363
26973
68176
8690
31362
76042
92137
56283
53688
67362
14689
428
82433
60556
55620
22182
38514
16640
72879
60253
19529
65062
58359
36455
32240
13133
80460
2422
90863
36981
93889
59050
94309
66557
81795
82619
92218
38697
89792
94477
51225
50306
4241
86116
94169
84791
83418
76692
19290
39632
766
10607
35364
43012
85294
82345
11176
22630
70420
66676
26940
99504
55912
11908
71048
63426
41581
11250
74230
10045
31655
3269
79939
91324
96989
27460
83243
53383
22252
46946
99499
34592
72368
40916
58282
44044
56691
65526
69507
91659
10507
43030
51939
87036
66386
7260
57953
43899
61404
1974
88647
52970
54393
28211
74065
99262
46071
6555
93799
78667
44625
69121
97471
8502
20509
45000
97309
83245
28721
60262
70802
72843
57903
12219
69331
22805
87058
83310
46942
45179
22742
96920
8423
92049
16326
87155
37043
56223
66665
83651
4731
20704
87244
42539
48165
74730
57447
1789
93273
64062
39974
69054
24730
81942
22680
88677
30515
80916
33776
25979
29531
40413
78803
65976
13558
47872
22092
32635
47753
78178
56108
35324
61742
79346
46049
47179
20621
20750
13079
42118
87352
42
4971
10953
13980
46857
73765
88890
25630
56387
58673
66900
76083
31347
38961
74881
37446
71184
19460
58667
44270
32836
94276
70579
83334
80747
67298
83669
94815
53817
90780
92572
34052
42244
36503
20026
83814
64744
33965
81829
10971
25360
98759
78050
91084
61677
63727
13736
96340
14768
49327
8472
19429
47072
75683
37890
50791
21317
66749
31255
81462
5334
96723
17951
79483
55730
81562
16777
24894
37022
68210
29339
66825
98355
78158
63295
22015
10450
95584
32482
3221
47374
31880
35622
59702
44875
97563
95669
94750
71072
64755
93155
69145
70733
32485
64691
44486
14934
43201
2357
38337
67713
89905
8780
57921
74590
3550
91070
22774
52435
6657
67773
96700
41314
26742
9543
22372
4044
23831
91916
33832
27513
27076
40898
4619
22914
18566
72216
57670
15207
11522
42167
32786
69008
15872
28419
20770
99451
7090
28826
81498
70589
88875
81291
5123
96593
43223
7092
59267
3665
54541
94771
78486
87949
50390
86951
43275
53432
48120
93229
81427
87784
51593
15164
71939
71900
24557
72603
26015
15145
94614
6722
12386
10826
50776
10883
68466
62268
34715
71760
16316
2477
8233
19073
44407
98839
19335
77378
81269
37981
70890
71601
52264
8065
72326
84290
17061
55883
30460
6328
77371
36910
40384
46199
20285
39762
19158
96877
99357
80476
72735
74704
37169
1218
99117
99064
19409
31111
22289
98723
91436
42218
30616
60897
81065
48680
58702
33957
32139
47058
81388
25208
66675
55559
46943
93081
31736
90055
96676
39518
85334
9827
30897
80368
3435
56022
73222
88639
21102
82595
31635
68622
97328
929
85568
57349
19943
43758
6500
17314
78369
34755
34460
59840
99931
19016
56146
66863
97843
59160
21297
12766
98867
28628
45917
33006
90680
39318
67206
70651
83935
26910
56725
15336
14828
16698
28212
69004
7916
95327
17038
81519
68096
67721
82775
73867
26724
44477
8984
36246
76272
81822
93048
14287
94892
72537
2245
47299
54213
75569
11206
86156
94294
61575
45465
8450
87422
9055
62152
93
33205
1705
4054
67476
95193
75374
86203
8393
91831
53400
8903
83092
92812
63649
2517
93177
29112
93620
49804
61513
28891
12352
76245
28050
23745
10578
37548
57414
9309
10752
92376
70260
24217
26433
7941
69137
23026
7936
84632
59432
96563
22172
64403
17400
1901
22068
67883
32298
94229
10983
39792
2
87553
84751
75442
20231
29649
65278
54831
22829
96888
39289
76683
51224
50434
68576
23802
58280
76301
5535
75691
17825
49481
43298
77251
61709
7709
85323
71231
21555
93636
693
77317
8104
90979
95374
95122
50364
29814
30746
75786
74257
28523
4770
13829
81037
33974
21527
88447
29229
38278
23011
68107
3302
54558
82083
95526
77072
56855
60591
21246
25035
49127
27952
24065
44668
17101
78244
20482
66927
76807
9838
18052
99449
6831
37101
93398
53141
60376
81513
94756
29441
80273
93103
61748
67176
14802
56771
64017
12614
141
74642
80204
18591
9438
12885
10698
91626
99919
67807
65897
84646
23611
19066
13816
78580
94153
9904
31630
97059
1310
93939
25873
5626
24982
1055
8484
60621
91328
29964
44776
67211
14103
32873
49031
41468
32344
95613
98436
40113
1254
31957
33082
27182
59014
43616
56073
4266
62578
75299
32860
56950
66608
57246
72503
36997
17735
19046
93254
89293
49345
17271
54791
83646
41660
213
19825
39317
90943
48284
17567
36624
80135
37166
49248
91733
6176
76939
45315
20177
73699
24733
39522
46064
36016
77411
87037
82548
37599
62788
67161
91258
13188
34117
84809
3623
96889
65066
78277
75312
78940
52855
57450
94525
21118
67429
8052
2610
74221
18614
18386
66093
25503
28052
84245
46543
96217
88152
31838
59716
9267
30103
52255
4471
36554
25917
57510
76136
48709
87594
33337
34560
52907
53917
60946
12573
1618
40479
53096
77195
54231
22123
44931
37079
88378
63457
27044
82962
61062
67534
30541
5051
65525
85127
25996
49291
51906
76011
49216
92335
42621
45908
86613
94195
63514
96744
13303
59666
24709
92399
23928
83075
46264
45293
33354
38430
94935
15353
70269
93385
57037
23666
7144
46171
43697
89986
28511
75766
54449
31602
99794
68008
69883
56210
68535
68764
25986
86177
3735
90398
68751
25352
53905
43504
52456
50949
70674
73751
26718
2288
33937
99526
89362
55554
17082
47913
75063
71944
57293
35551
61509
46397
48097
84611
19617
33676
83950
53093
45622
21311
77970
19973
99043
37297
38981
19668
53932
58552
62850
7571
49578
93783
66948
92037
24963
45070
14500
51295
89447
78483
86111
16970
28908
35599
20877
5217
74965
22916
20520
69554
32121
31376
67281
27675
36637
33762
57621
41021
2961
45305
97051
16561
99394
37475
78118
27667
98767
34383
94101
81995
68265
62325
56254
23650
3944
19589
47970
99601
1756
92919
23576
25770
29836
24
13690
78605
94376
94000
64253
56364
62159
79948
10174
37070
69360
86576
99267
14406
78720
45308
64967
53212
16229
84748
67689
90557
45657
37734
9210
95516
47843
73854
69595
40473
76454
34085
28671
14950
71919
31257
80409
43582
57828
12652
15208
75630
12117
79244
29922
98119
112992
186674
142651
174271
149614
159928
115215
178619
199494
185853
148286
146485
190134
175673
172024
147363
100952
146297
183252
180894
122318
113248
162573
198122
182135
170357
192371
122864
140556
110538
191415
147196
188285
128594
123226
188956
151643
130146
118851
122213
127819
186960
101255
174278
127523
108960
147563
156754
134132
154060
104873
129941
148076
168953
106930
161717
115199
113236
158787
191824
129165
108992
122035
171023
136877
181799
119890
143397
132642
119387
161811
122011
191476
136417
120478
126734
135780
129435
127257
137741
123020
111537
151859
188488
177570
143952
122832
113273
104894
162791
160804
151316
173443
194263
107013
137918
119633
143703
131307
176701
180374
143259
182143
171419
163883
167093
133110
140329
194151
189299
168370
158059
135960
138072
147678
161450
154391
113639
198051
174527
119165
113884
181894
171154
143801
151709
127412
127148
148556
161211
125628
177383
193652
160601
190994
130203
199899
112669
159941
103359
167424
191129
121809
151638
189269
142697
131752
116043
166508
117831
100241
170210
185235
199501
150943
194009
156051
174946
134434
120041
143516
127178
135864
125492
151240
145425
157484
143792
103787
137171
151565
178752
147126
176795
171315
169414
129550
127409
198395
137823
178009
194145
177784
128011
172874
195195
111802
192615
149585
193898
142389
192297
119487
155002
180905
128749
125684
111362
120972
136059
148477
178472
190469
178378
152421
116736
150519
195116
114478
152622
175172
151144
116301
129343
137615
174602
103774
189347
190563
158112
165104
199693
109251
171755
182861
128518
153424
115781
129761
126143
133773
196952
171716
120169
108789
139951
149349
112947
109703
196831
119792
144687
192838
125636
197797
171658
108363
104339
121313
176884
199140
168293
144301
137554
181298
124457
128442
197636
159853
149786
114065
143423
115709
164829
154455
135283
119816
124946
173429
180595
128659
100029
112491
108298
113968
121244
120930
133413
113921
148870
116128
124546
185002
198118
133458
154395
191314
140078
198694
120212
151656
148649
167801
103013
196800
172136
141548
130472
145244
172025
100968
197165
127811
192165
108647
154014
104758
100639
100168
182354
163693
113463
161292
163559
122430
132594
116193
116786
138268
177910
141764
110580
145272
120994
191910
152706
179845
159458
158512
117056
133206
116564
126849
127227
146063
109344
193142
125352
175321
187972
150046
132392
123557
175308
199326
171832
150223
189598
159063
127724
168795
149975
187873
128608
117946
143930
110106
187364
146046
169942
104593
174737
129120
117256
186075
187939
154851
176354
129566
160430
135459
173988
108706
137002
162393
156361
115708
123842
198196
143142
103090
152569
116516
105533
131888
123285
106546
118862
152411
146150
179433
128860
191683
163086
100727
130459
178431
125257
132171
190582
182519
166284
153476
161383
164614
161215
108826
155914
167645
111756
161401
160553
176504
161066
109683
131948
184691
122218
165891
165726
105377
101699
181444
101974
165988
147602
198365
149692
160709
186246
183037
159803
140906
131111
134217
195105
181713
146586
188983
182142
177305
136468
198034
131628
140892
120758
104519
137683
114606
150067
136835
109551
186531
182240
192335
145166
184672
113200
103070
140259
112439
179931
165372
163493
165178
104716
110671
180967
149305
170220
151634
141659
141747
125648
189680
109122
184931
190882
163449
171753
197648
149271
101335
130035
194539
193565
182459
176909
123459
188602
187161
146865
101810
164990
158677
183286
112885
176541
160560
101229
158342
139630
133267
106116
173937
160367
147650
107957
131321
173269
162634
154548
128167
176906
188677
166228
131312
184425
106747
113764
147721
196929
166982
124707
190261
113373
101285
174963
100139
179136
163237
194057
129598
172083
111730
110590
197262
130691
173708
182792
152395
191396
125229
131967
115128
192138
146494
115884
168317
102763
177074
106363
171682
123899
142774
118647
141352
142394
168794
150196
142722
125223
193609
118707
199918
121340
166240
124699
152065
127132
129788
172097
136752
119497
146135
161039
145301
116403
160802
134965
144698
195157
126248
152427
121438
107110
184919
110207
188225
177800
118061
125897
125529
149987
189195
160153
155851
124597
176623
179579
194892
175430
162523
119790
183189
199270
108169
119877
117871
124370
151593
182097
115750
118106
117352
178022
177875
161558
188715
184023
196710
110028
149520
166699
106888
167218
171268
127215
102894
195802
132092
132094
151093
182032
170691
145763
173033
100942
145365
135098
192345
189446
171710
130154
163614
158492
159271
102542
149953
184808
184828
118254
166328
138647
118681
138296
129863
153324
179017
198243
146601
107487
106006
146320
188637
149749
106085
187155
101961
151263
186951
174553
168433
161920
138985
161316
157001
191068
167225
111757
134752
161030
189366
164509
193669
141768
104814
146142
184907
196936
135727
188624
106477
102989
101458
182414
185122
123838
100841
136696
156847
142525
151139
119823
180946
199562
139750
197913
158918
133252
159222
161733
134162
192967
155388
115375
138356
154475
143473
159912
104928
181403
188626
127610
107129
120150
135054
112417
169356
157395
180811
185801
171984
149162
156212
146139
186825
164060
177542
179841
113019
190317
159552
150924
145254
182217
112756
100953
130099
121934
148573
168753
185603
114420
104187
154370
193794
115729
154730
147688
159719
160628
155799
111285
141769
187278
192215
150685
147115
152872
114596
194451
128123
126038
104090
170215
174521
108936
100866
180350
131319
166867
114580
158669
171752
190382
108463
112783
108338
112044
158045
159347
153992
163550
142468
179421
131272
159646
141456
160745
143683
162359
190495
154205
117882
156539
175911
139349
166544
172695
190708
182771
191306
181052
199981
190301
113395
144140
124799
158767
138781
136579
159183
184716
149334
179878
110958
134993
155044
118705
168022
104897
191296
132905
155836
182886
107147
115811
140065
131979
110472
123960
168732
136162
105385
135496
109361
136518
145163
172475
106842
111322
107298
182470
168846
199849
140441
130220
182010
137725
159327
183285
172485
177286
155972
125635
131722
116130
180938
138306
151563
188514
142843
134223
167655
181076
137629
129848
199165
133542
156183
138755
144573
179734
132276
109638
155693
113772
198174
154252
102860
130022
171385
196459
157062
159381
112768
150094
105059
177325
123677
105932
127005
163060
175786
145595
186508
163820
149381
185365
171381
155563
125415
126700
154052
105017
144580
144384
181171
190287
113164
189177
114773
161702
179567
173217
134542
111707
129466
174916
148973
161535
159523
187466
152208
110769
134543
150357
134006
198252
113818
174488
137907
127165
173069
178155
133277
176285
129266
117747
117574
159658
119689
179367
188788
196004
126752
182953
160133
103307
158735
191145
142284
109198
183222
106880
121400
105709
173869
100719
121981
156358
146060
134027
192324
186486
165068
143207
155712
187507
116388
185261
163397
184793
139775
104905
101786
155913
182293
128133
164780
129436
184197
106001
103892
154228
101859
189091
174099
195482
255512
267724
244899
256282
289650
249144
220655
291588
296962
281624
296031
292558
254982
214902
213572
201911
262056
256707
262034
257888
292040
282478
266935
205305
299540
265336
234129
229637
247217
252175
224060
294279
257365
291089
298501
259143
293580
260696
290078
202082
248466
219285
254165
287298
225755
268129
225293
211468
265093
283287
225526
290904
224679
278922
267917
242520
220077
298607
226681
243617
286171
288656
294068
241963
256683
284161
271373
278162
244123
250240
202706
283511
248667
257759
283665
245493
295373
294924
245004
211808
272350
216014
294344
298515
287301
218414
257688
265263
271980
259793
255569
268434
281254
200904
295662
248176
266633
256632
275111
207793
260320
214104
208639
259172
206152
286153
283696
247481
254771
252180
267629
201333
233418
289205
241937
293900
260443
257753
285582
259887
242346
250587
245986
282503
241137
257522
298933
295379
238226
288751
211759
213135
201311
257665
263687
254232
276720
272259
244707
248824
287021
200027
223223
250175
281507
224088
290638
259946
230761
202363
204492
232241
299234
299844
214247
262296
269803
223423
247963
219163
235638
253356
202769
279378
230912
285935
260471
208737
226431
233616
202612
297444
277921
232954
288146
237047
274010
287661
233587
237284
239177
226198
275455
280357
238935
268321
216238
205602
255225
203734
224988
295605
265659
243585
269785
209440
233056
299523
279589
288008
219360
262066
293949
286021
257454
259310
241403
229775
230032
226291
208400
242466
207628
257991
274168
209874
270640
241508
226457
264490
222627
200849
243144
205419
281538
297203
231218
270337
287755
236518
254406
237012
291512
276561
225350
201033
254740
234225
287745
244932
288116
262803
276633
275980
284009
296687
203090
289194
287117
241856
253048
262390
285171
234727
220297
269535
262059
299829
202394
211496
297217
284689
294926
238529
276773
277972
275046
293389
242685
228742
231163
209323
277286
271391
286065
212659
259723
209335
288869
212740
214442
221034
283222
213805
289431
298102
205567
273264
208680
259569
227662
279609
204402
255677
230578
268290
260054
249574
230272
270025
237170
268209
278872
267144
267524
216570
217157
277567
244004
264595
211222
269862
208288
279501
205922
215866
267168
208454
280446
292421
269668
222545
220024
277134
233388
232464
203994
270889
203491
261732
249846
261372
241751
205447
238482
260075
267385
223984
213235
242335
270001
227855
244733
231647
217702
259421
248425
285230
230931
225120
250050
269715
242148
265755
251017
298604
204089
274811
266798
298953
230788
264046
216294
239360
247064
268909
247250
200326
299644
222239
251732
270381
207967
255246
232078
206648
253517
218354
257372
244403
295137
225835
205428
217112
289225
216962
261261
256993
255367
248267
260397
213957
272745
288262
220827
213022
252602
260756
203004
238846
264251
224476
284070
233845
245527
257805
209837
250764
294559
298396
257828
260958
247758
234528
218648
201435
239299
280929
201988
225599
215675
215131
209531
276110
230191
217205
202849
242005
260055
257935
218055
255661
230707
209339
298260
243458
296930
220464
299493
294260
279830
275169
294066
230264
233197
245176
282299
296809
202830
291528
216737
238000
269791
261162
256326
258423
248273
280879
281860
214580
223092
288852
292660
240534
284649
218184
230340
254842
251823
242900
213321
258668
210428
271149
277960
220424
268406
247294
287944
268245
225793
270517
275595
275558
270744
294608
229367
280037
276339
218291
294960
282693
220809
225410
283251
282314
225698
224418
279215
233874
275343
290506
266999
245531
233590
202038
296662
279994
226652
272195
219015
290363
238986
281051
298110
260361
287633
222019
265265
247537
225709
263145
275259
207900
238367
290463
244882
297073
229625
210197
254484
286732
249777
239088
230067
205740
205785
230212
205626
212876
234359
282323
262864
270740
247115
281735
230795
273758
241412
201551
208063
240281
201571
271849
207659
276009
273372
247024
201938
241950
205189
267912
288165
291081
298971
264204
235468
220566
294448
285096
239810
204244
284709
246652
283922
288861
204992
244709
229315
246184
275806
210399
292511
252219
230214
262561
269342
217554
238890
225376
219585
233397
279605
202917
279325
208530
216998
239752
291500
278161
231335
250950
263748
258951
231003
203253
222387
298870
207449
263141
287136
210812
299789
240937
244452
213887
247621
273949
224014
240603
215161
208802
237984
256132
214041
249100
217336
231816
207081
227215
287009
250388
253519
271004
230026
200352
299747
279650
236618
286814
243898
222706
221020
280552
214462
277347
270630
256749
260596
231806
276276
253294
266714
283271
238028
263581
240333
252742
221311
221690
245033
278897
203073
257667
290136
237029
286002
235448
241981
296613
293717
232359
274774
212886
260142
260919
276322
245556
209614
235826
230468
287104
278792
272568
233285
254159
283400
216662
238187
295593
287004
257428
209952
225799
214323
213386
232589
210847
253042
203461
204725
208250
235710
254902
226529
299032
280994
212866
217001
296183
200520
242241
241987
214783
265754
280620
273376
239389
246258
252497
238201
244972
241408
262104
282910
231530
274035
250883
280201
251736
275291
281850
254251
236148
208149
238648
286552
278246
293850
224097
210577
263772
229460
202034
255509
209721
259785
297242
231273
224707
285893
241707
219544
296706
241465
283019
283122
285338
262373
205121
210048
233609
298391
254790
218512
252572
215504
244811
217418
213389
293084
257324
202523
207024
241513
276920
219510
207189
238209
227261
247362
292744
269475
204603
283431
265084
229723
230442
215885
229220
284005
288200
228032
279463
257811
242478
223763
212910
290905
250461
248451
292881
269131
279659
203729
231587
240297
220628
252253
274516
209309
214430
285445
238119
212169
209176
299887
226115
275890
225245
299795
219456
264378
278802
260974
267890
284489
208988
218832
238450
223236
247227
206799
231265
260639
297348
219960
236586
259903
278647
218574
238781
243256
262118
232994
278564
265205
262882
279266
201290
211839
293906
285936
213015
255061
241782
260882
219643
256732
263159
291144
220497
267208
225437
277119
246679
228554
214140
211754
259847
230474
244580
283615
235699
293945
296502
207418
232244
288299
279212
208292
220206
265324
295908
244680
296841
227837
254250
210554
264689
278817
213017
220054
242599
255426
228582
289897
240639
286930
245693
270799
258044
292507
243977
224991
243576
219007
293769
204286
254938
262795
206320
259722
250895
276387
249194
268274
217320
205831
233381
297955
281109
224729
293699
281833
238059
264598
223744
251187
260923
234467
260473
259772
202584
267538
277064
267224
233331
215051
208882
291569
281556
233856
292461
226562
253284
293918
231197
212890
216700
229071
233632
285393
210257
289573
288431
224074
233220
265711
219790
219232
268924
267942
224242
291965
237193
230734
283610
211744
259010
239835
259872
227667
287191
200641
219333
270089
278115
212441
291179
297716
278797
288661
233687
257964
224494
298776
288218
289918
261738
245404
200657
279358
298240
290132
241717
277479
234958
214665
217821
369052
394918
323156
367325
360592
392008
386015
392489
317933
356422
328318
304713
347711
358134
358037
389874
371037
382167
358518
319300
368154
318800
359250
351827
347380
365386
359203
367591
319575
334163
374754
394729
383739
328134
384482
320030
357055
333060
341384
342665
370207
338175
335691
316858
376043
372112
357318
319495
335060
350848
319492
371882
335651
347798
360254
330289
370662
343298
384501
374696
319519
364697
324459
321484
369619
370529
384244
306831
323813
359269
320746
337307
327232
344806
313897
356652
335405
317684
312229
389577
351441
307202
373658
348302
319320
354590
330846
386239
365491
377869
369950
304593
363104
313802
309429
332366
314833
334056
377281
382748
308005
393394
309995
329989
383309
377475
301929
399993
349366
373713
328634
341725
368349
328423
303905
392824
391606
312959
301946
369678
304093
363695
326657
302198
364184
395394
389734
329058
375292
326453
321957
316543
367951
362000
320247
399002
337469
385665
372633
312051
353009
388936
384414
352664
363160
399564
396618
315821
322438
356127
394167
375178
337056
302962
363441
315240
322860
359226
369537
354029
332569
380047
388645
311933
342643
302892
349137
339849
349737
304159
380549
363967
308000
373957
301285
312520
345175
319422
335753
304602
392093
313758
325626
359859
356541
308928
339378
382169
386257
355949
363067
397194
373317
332463
340668
379568
348110
353897
382560
361311
390372
362992
313902
380849
397650
315170
383290
342009
350542
304493
341794
312354
379267
391004
348573
393875
374670
331663
303597
386018
365320
331552
350867
356889
355739
314244
371632
326800
387201
301570
331696
361822
347603
314636
365754
333149
360795
333186
310611
358060
338820
348440
375006
310042
379325
343996
396952
393119
349050
382889
342690
336212
311897
371775
375076
371417
363383
366981
330523
305912
348604
315482
387821
350560
301521
319001
322541
383904
383508
341261
362109
382215
398921
365148
313653
392307
365071
301094
359674
324645
306140
352165
383647
383278
341612
382393
362041
397756
365123
313622
385501
396699
319798
361828
328879
370943
358899
361200
321367
339463
373700
380909
310066
337143
309201
311670
394575
335476
391957
342874
336513
317014
300563
314627
338783
334126
335481
339815
379108
308658
302739
320924
399372
353046
372258
370242
398433
315524
342155
383674
355590
358428
360157
373433
394955
368991
356007
333884
395254
347863
352116
304164
386941
301198
382102
343875
393833
363786
356972
363434
335601
355580
382423
334219
365730
365725
397742
342473
380792
308385
373273
368914
399842
325120
379168
342531
353590
364651
310108
338953
312445
380839
334044
311705
344684
326585
347027
321190
334690
352523
324917
316909
364148
371559
327385
361951
378454
362681
356669
379449
397847
370826
386305
392046
322988
387114
344613
327977
338964
375101
330059
353437
335794
317834
366699
338564
369607
395312
331942
334463
304005
320531
392387
393157
342661
341094
370316
389494
374050
358364
310410
385052
341635
365415
331668
334638
304607
306907
333123
341243
349785
320939
308106
328760
387019
376154
311867
340322
386263
330829
326034
353516
313864
363752
360868
378799
359682
385104
356655
356444
305605
336957
317488
374257
397101
366902
316175
320339
325096
396917
387409
305359
330999
317851
347361
397022
326028
363485
390950
394470
354914
341776
382078
375542
377739
368081
302385
372416
315779
366839
365899
326943
313155
346353
335994
313721
314035
333428
371081
323855
370532
364972
392354
391589
329624
363217
394577
397961
339695
389737
341114
351995
338882
338023
372803
385022
368823
376527
349287
374998
373724
366127
389131
313279
377707
390030
357870
339163
352411
339324
375896
317925
328712
394777
389152
315881
300643
364589
356428
349398
300879
344212
395733
329063
352542
380660
320699
317771
363001
337944
374517
337729
348851
336177
396598
361690
300103
387322
360639
355920
360460
334688
348731
348188
369286
317645
336705
373752
300588
369253
361679
386493
325932
351067
396482
321855
366853
336047
374408
372172
382415
331217
397844
362019
349977
366145
394909
318121
350715
369621
398340
302727
393002
380622
355096
376167
355389
343975
351426
317335
384623
320722
315498
309187
371778
313169
350894
303644
374236
317435
321246
385193
352353
386153
358194
372549
331150
305965
368920
355510
313578
330416
315760
383775
359062
368162
348044
344816
389171
346665
302058
355204
332195
348584
322929
307054
389600
317380
328938
390022
308174
382100
343350
318364
357136
326397
365901
316306
317374
391031
381055
385846
313402
355890
377791
335033
345116
356185
329365
383861
320643
343828
321757
341975
369221
331092
359106
392002
360194
314814
388665
322704
367509
354610
380863
301982
310741
328513
306127
333004
384545
349788
336950
374370
365131
374940
354183
368487
333794
325580
395239
344460
370697
303098
397174
308871
398244
324876
333692
354920
380709
306665
383142
380341
321878
392498
396845
303116
397830
342008
339751
355490
390294
324019
329816
373007
357433
378895
362448
353519
351625
388543
379955
372928
334276
313329
332574
313305
377883
328041
313746
318942
339396
368863
364313
397823
347367
389187
305774
360817
382828
317180
361895
331671
374147
333639
300174
369593
354659
368525
374136
367248
394931
390824
340428
320578
343289
354971
319774
314742
311433
300142
349775
301338
356387
372208
377394
341499
326881
307152
398020
347280
320144
308216
364717
388131
361988
312260
387674
398952
394008
309762
384864
375429
304460
340563
382820
365078
383856
300148
382601
329031
399319
379968
351759
334639
378495
353329
384981
356135
334464
313009
361132
324883
347476
319501
397009
302570
387333
369702
389200
358373
350122
335308
355509
344854
308980
392922
325193
344372
363313
336860
312690
382655
357301
394757
314766
338090
305700
311053
307079
374798
387467
310647
346042
392633
321332
360744
323530
300090
390055
392091
379615
329494
309920
386270
309787
391915
378574
364770
374839
332588
394427
311436
337016
382270
303728
350668
316088
321576
312119
376166
354935
382176
301082
310284
394135
376099
331974
355598
324111
320519
345613
365429
392937
377970
362406
346810
357696
313743
389937
305356
345953
381747
370920
312237
336435
332661
382697
371452
324278
314938
370758
333798
366387
387208
381768
308314
361740
399337
387144
337889
306438
352335
324930
391792
378013
373995
309390
385723
346968
303327
371317
332407
389303
354500
320106
365181
383523
323321
365663
354235
378856
329452
363357
351943
345394
381129
379520
346221
390071
359680
365824
393061
322713
317948
384855
315852
363626
334074
399551
381253
363863
374871
359394
325053
301612
397510
376477
336585
368387
368964
346695
397139
399492
373342
391192
372267
330025
337193
388498
367803
301483
322022
348356
306004
365284
366184
376684
391276
302916
392933
391627
341830
359053
327149
305070
394887
302784
378598
306342
330471
300965
351355
326564
328329
392770
351734
336457
379304
302930
327179
326358
324011
355083
302900
329604
340103
359333
323864
344034
364325
360740
341869
393375
385046
364991
375234
346701
386731
408099
453792
477398
482452
472715
440780
424957
419261
479719
478519
493400
493688
498998
475582
428181
400514
477394
439423
462198
417512
407560
466919
485308
472915
429132
410028
408972
414632
428889
457667
450536
441312
473928
468708
496622
477022
487892
437042
435750
486570
464147
430504
413630
454808
473067
403076
484420
478291
430922
497990
485499
472848
484224
473899
413889
423656
482474
456562
437551
422865
478751
408596
423266
411699
452711
420478
491607
446783
469551
464037
423870
493114
403121
491840
430300
431816
499129
470743
492655
483755
440096
478711
412343
410201
496477
421423
427045
464330
484456
480647
461378
446554
479568
435418
420155
496723
420132
436207
444027
465282
483652
489777
435232
464124
465129
470039
408028
430828
434802
437506
414661
498246
465264
471651
400580
494560
413446
427056
441974
435713
418283
410217
423961
471612
484368
452698
497077
446649
403331
464015
484294
493458
467689
406610
471318
416411
484591
431549
485881
438246
476896
410224
483812
465540
469327
460789
442276
460680
450996
411706
429854
425409
488040
483534
440969
440280
431486
408887
431778
499788
488779
469613
464359
423624
470379
469625
483810
407770
407061
400543
406260
459922
428264
405765
472505
400275
404670
415769
452096
403217
402055
403011
411041
414791
488532
432853
473265
430547
499429
493777
440408
411681
464636
452885
454883
491562
464643
435614
428630
457417
463621
460067
448450
431566
482059
405900
416267
459129
413166
400746
436283
489298
477913
498311
441342
443591
419876
446215
432314
406771
425345
417775
443636
497559
451761
404156
477264
450499
420434
438753
485362
428960
459071
459988
423301
471811
415226
444109
443924
477781
439175
440484
478064
421566
490024
490296
453126
411175
481764
422346
453371
419567
456596
426036
410102
489268
449301
461914
482480
449438
414392
442415
418794
475213
469383
476537
414614
474667
466998
435195
483329
427254
465459
403103
406859
444947
415303
455220
451409
477871
493971
434561
485570
413670
487085
448002
420199
405539
446606
462834
462219
492274
446641
450823
492400
480539
400795
477542
473582
466114
474834
424045
453520
458504
462100
448874
455598
456106
476233
461659
415672
447071
455234
493345
427449
477399
496528
426878
459955
404415
487832
431469
479113
418233
461838
473686
488902
458771
473738
417578
498957
428645
465310
472200
470772
404612
434221
482423
437859
407319
490016
491952
455005
465161
452600
470095
408999
430130
439927
462970
413402
406085
466536
452634
461297
464303
475716
477550
418470
460114
436723
436133
438789
449221
449144
406446
476085
407486
414809
444272
480304
478094
492180
427808
437480
440616
419199
452185
444471
455314
486622
463369
473555
447577
480801
468081
435572
486867
449547
442339
411336
429991
427296
453578
411548
484993
407851
464618
401418
408349
467352
458539
448248
493772
452668
447576
407695
482897
461628
485316
477522
497517
417515
405044
441344
482500
404589
439269
405465
425088
433080
404379
418351
403344
445867
472206
403503
402217
439609
450917
414903
427452
417710
496469
427495
485695
437020
411180
476765
462836
469633
405657
451477
484587
491819
432785
478301
415481
421037
407115
405938
436264
429031
489269
448295
493335
424608
482726
476152
474730
401106
433363
461965
473533
492990
414591
407106
463506
418095
472091
476977
483425
431519
482507
459902
419229
467536
451684
421816
439999
411370
407556
442481
466714
410106
453190
471226
439358
446308
487140
456112
492623
406133
465379
401131
455572
453521
409317
424907
484938
472524
451455
448237
435483
420874
458904
477061
499437
499348
445891
484648
469397
408036
429326
403206
402477
406605
494169
418635
435446
484996
405736
412602
403471
416381
441064
403329
489898
455450
482571
498243
468217
424393
434979
469282
417599
465603
403873
492383
414307
442388
484686
401327
422096
461166
446270
482912
474224
453003
448037
409946
434314
428415
400208
453365
491910
414547
431714
492429
473272
443942
493284
411387
496387
434121
484915
427486
429592
449111
497587
467895
487466
447209
431738
489343
463527
474006
483146
445232
419614
484692
452716
413474
411705
452370
497989
464856
482960
448660
471948
461390
405502
410972
481704
422159
439174
420620
463705
411480
426103
452438
426861
446128
425653
470090
470786
421642
460025
415006
431629
414007
486380
475061
489895
489519
457487
419627
433741
445878
454696
487758
426145
428234
408200
445730
407055
451215
405410
488537
435400
480259
415824
494104
464502
402869
453864
496199
480790
488450
486732
464371
437793
476004
456464
493964
452086
482701
457079
481454
415372
478074
462641
409091
401649
432563
435650
445263
475589
498357
466120
459859
485930
485967
496845
433931
444325
483792
450491
427038
464432
454356
429300
476900
460537
451648
414456
435044
492240
458028
412980
485309
422660
443484
400966
424330
404262
441817
495890
490997
461027
459295
446402
459308
428819
433212
476314
447484
496863
497787
477585
407549
449795
479995
481417
462754
461999
496663
468424
409724
425314
486339
452950
476899
426747
455404
409495
410669
455263
471012
467236
421664
492043
426719
459810
403622
491444
434546
490119
402419
494482
458443
489113
461631
404084
420534
442207
468181
483546
425391
481507
482777
409221
495256
439356
489475
426404
474246
464702
406334
475026
439049
453581
448200
411040
435494
426690
420471
403030
489279
413355
461072
446222
440825
406724
463236
453282
461996
461844
460093
468684
480415
474975
481966
413260
425598
407600
419694
426234
453053
456686
485766
483220
450955
462889
434535
459729
468282
466121
415272
423225
460414
439245
408599
470892
412612
494034
439666
468669
473106
424730
473543
494425
427778
420111
416779
488023
433539
494817
403297
480354
413452
420398
409049
449311
446834
436124
446707
405399
468835
497861
482802
426459
434431
412607
414351
429062
437218
489287
423982
459961
462849
438081
487834
420529
468749
453984
458607
458916
456174
485255
426592
460370
414418
481323
461062
472684
467824
445106
481763
493097
421052
496467
417627
493233
479404
438914
438977
460756
408750
405610
428025
488591
486026
413585
426642
442026
422922
452797
412006
405419
452653
419301
452466
451182
400138
425726
419181
435333
472497
413538
490881
497705
443475
435543
417111
461179
487368
444101
498390
470017
428720
484348
477795
497516
428447
410752
451324
480353
485299
423078
411492
477530
427751
485786
427151
441979
490091
495198
410428
439693
444707
441563
434602
404235
454960
408901
433124
494609
440557
410371
412741
432583
434778
474789
400267
443356
491826
466944
406865
405485
419791
436732
466048
495807
451384
454635
410446
435795
484615
484872
441729
401573
478853
448770
433375
437794
406431
428970
432316
436633
464360
482319
440287
472908
446913
458735
433692
454443
405773
414559
422916
489804
494733
437434
420482
451827
480917
404005
491418
447864
488545
447100
421392
483800
435467
459562
466704
429611
430173
404052
426531
418082
485028
496204
437316
499591
453505
487234
460847
499710
492764
466261
471666
492635
408247
455135
420809
416092
405069
442093
598394
554274
561814
509298
548998
507507
539020
560019
557619
510791
589210
597998
567431
510412
508842
566503
503604
543022
586555
557592
513770
574797
511760
552534
597056
555939
548254
574343
532005
502500
551730
522391
582800
550876
505876
507584
537012
584105
535076
567373
575270
531212
516958
511837
572609
560816
563270
553546
567107
558146
576002
543321
506899
533994
529186
566127
513448
524210
548958
520694
557887
508641
538925
580524
588391
516318
572353
575565
588313
521233
512654
551781
561200
570700
595154
510240
503133
526473
512570
579195
521589
577334
554396
565303
519877
558281
587108
506650
549652
576329
550396
565899
595079
537186
565677
594570
547165
588292
580943
536849
534231
522758
549967
548125
519524
538060
514060
548508
584325
505677
578348
531909
598708
533949
580786
509809
535899
592059
555267
567489
558804
527046
591245
500746
504593
538444
506052
542330
549376
503241
588932
554854
577772
587627
513410
566508
552879
595222
504907
591457
565775
514715
530370
553292
540787
596581
544307
542047
524044
555620
513970
524230
599279
558230
515205
514920
538811
550101
516279
556037
594837
530749
584283
574213
589989
544522
572591
595693
579409
515897
574716
559475
539900
509278
501837
554256
501474
542546
519098
525184
513259
502122
574360
573090
544224
522075
540072
575633
500716
546354
552431
588767
598877
518270
576096
529245
545304
531074
588804
537377
534373
583863
586623
591815
543026
506106
564212
550708
582552
583003
582341
525869
551183
531116
532537
539884
570598
584550
516513
504522
591497
519367
522463
527284
589229
592492
507902
591351
558275
573957
591772
554477
567935
576947
546510
588328
545443
552047
525136
549854
599568
582977
526847
570087
585920
574227
509964
579824
587613
511440
580353
512817
556972
587347
536585
557777
559092
558577
597443
503117
553696
507362
536820
530269
510914
542059
578207
506661
594406
563725
582860
506374
558015
556900
506300
518279
568333
578235
568414
542524
509400
564784
577069
599667
521049
590636
524694
581908
517344
556526
574045
588605
506793
515617
558037
546194
510069
502551
575926
521976
564898
576009
593804
526485
554154
582960
564514
500696
536244
501422
569549
568230
518613
502354
572863
586569
587718
572520
563922
517624
533282
589901
576377
573655
597611
571363
505879
558271
515775
518963
555204
593254
572706
550646
575590
584391
518894
525328
538794
533412
565780
530316
528068
540966
588215
593511
537418
518132
520686
561674
537148
592842
509022
515759
541282
565965
589307
530706
534522
535513
524584
538799
580974
501280
549835
549651
514318
566606
505561
552953
555486
539519
589319
539064
524986
519655
536818
570326
534474
599385
534075
586823
524941
528324
535954
593728
596943
598670
566468
553287
594712
525161
591902
576699
583858
544221
523375
516953
537978
559919
562086
559113
562965
585110
552770
568681
536217
523862
582775
521027
507821
552197
588054
548139
541375
585623
584021
504232
579992
516474
531795
538905
504375
536834
517149
562248
546608
516942
599569
516690
532180
530064
517256
524056
507587
537408
527744
579139
501694
577498
529057
519414
543189
543202
539632
505936
567055
503887
571998
559168
562303
594849
569737
577133
589570
579377
577397
536439
526720
567640
528568
566300
528606
507852
575076
575793
570714
585693
540035
523322
516053
591098
530450
504426
564416
504834
574458
582337
582229
538140
507556
572776
536757
578925
571559
577216
598046
586031
501992
582710
552424
566486
546053
546823
502622
595824
539400
500580
521033
569052
563358
521685
586178
537400
550040
515172
508814
594042
540852
558866
526679
541822
597780
525833
592105
528799
522184
535622
540777
508270
596759
543647
541935
593612
561580
570440
538416
543750
598198
564709
555518
512272
593160
552479
538352
535353
555976
513825
555457
552074
590376
537373
542785
547120
511225
546068
575053
553916
546969
502107
575320
501483
566000
589673
581472
547262
532645
586044
542574
582005
525056
521761
549976
501325
555798
542340
571957
579635
562348
595137
554508
571149
543668
553571
597972
528834
541132
578837
561013
599717
586780
510925
598097
549927
541373
584728
518141
585545
521247
550936
568228
591857
513727
580122
513973
545566
548938
512467
540548
505834
510835
540581
596080
548152
578482
514626
582047
565027
589891
522138
552812
556390
595773
525606
546338
517164
531737
541633
524289
545357
514108
536206
595382
530496
545648
526239
596404
590476
528990
531348
568685
519985
556807
519047
510152
540955
577909
582301
547740
511857
533790
585130
555238
542251
589012
557233
591224
564967
593852
566960
562382
506757
528332
513116
540294
573862
542760
557115
555056
501719
524090
500691
591302
558574
583294
578503
572007
559994
598376
542403
569727
522768
540922
544430
584346
548376
562262
569623
562192
565786
539486
563259
598591
502710
525021
581405
511477
573187
515638
517937
568550
561892
578354
579221
524682
556287
525578
566007
550473
540171
578138
521120
567006
547525
544039
595274
586571
514415
599948
588512
581485
528181
571503
511358
545632
548799
585305
579607
574659
576568
575412
588842
587763
504494
519570
552121
517852
522432
543965
510002
538590
538321
516802
574257
560935
587533
548330
547909
512485
549583
572373
599145
586950
547918
591357
502614
548575
515494
583239
541975
574051
564600
590086
539579
594680
593134
501029
573837
564865
592429
521644
574958
501684
566392
577003
574473
508277
564286
545799
500045
593487
599363
528210
566709
551090
574462
582369
557637
566056
557001
591495
592306
579802
557548
559550
549718
566961
531657
542011
555202
525386
586118
507972
548857
566911
554053
503748
589678
522031
581864
565038
582224
523802
593088
546376
545813
589365
549760
599089
595302
530923
563744
526800
538169
527460
516636
599077
511828
556094
561679
555467
550322
559849
514494
506562
576719
528566
577220
551263
552970
559034
567755
575556
583888
588550
574709
526126
525498
596666
587443
508322
581961
577374
583962
596053
531192
572283
593078
553157
589897
555125
565916
520190
590311
567553
533935
574729
594637
554114
588962
528501
526141
508139
598389
512637
576245
581692
551621
516120
558977
521210
597249
545595
514535
548944
577199
552150
588625
527156
577724
585005
559127
583298
573998
503847
539778
596112
545836
595294
509188
567880
531483
567227
542995
581633
584656
544066
543355
585687
536550
584038
506086
563527
557762
513279
569043
552637
590659
553421
573999
553069
523488
554588
582030
595869
549809
548334
509875
543407
584612
597294
577703
549342
571910
561405
557565
551265
530228
541979
534016
553918
508229
593841
588798
545904
577803
546467
500214
594613
520261
526013
590173
559694
536919
512208
571463
567537
548234
592669
538588
545992
527899
501255
588580
530236
508403
525801
572276
549497
599821
531140
541009
518421
541626
553288
516822
587785
585814
571542
585279
571139
593169
520278
549998
543848
565475
576561
536829
520064
574332
510037
548089
584689
530859
567573
535307
536835
579848
532378
513449
555316
507416
519589
525435
571433
522967
504189
553844
567148
599321
644871
698773
646680
662712
657436
603072
698547
647269
695819
658398
654032
604518
641152
631404
657369
608217
654016
645595
676595
695424
625116
672602
612365
626360
645298
608182
642890
641137
627167
611843
639450
658928
610972
682598
603527
647564
611974
652247
667923
637423
651005
621493
604319
657103
651857
622361
623120
611561
652777
620612
616036
610439
624673
651846
632368
637787
646105
618029
662556
650740
614821
606909
601153
674209
617220
697259
660410
643432
600806
660825
621591
621190
610569
635694
643873
604425
673665
644741
603093
649420
685168
659287
638039
624134
627153
678468
661151
627944
612306
683735
603927
677976
612938
623723
672750
619078
639725
607522
640650
677511
672586
641786
675704
681449
683036
673816
694154
676998
674211
623492
659049
643343
643633
627232
602876
649690
618656
688732
629692
607011
689509
603669
605096
679875
604445
643378
604273
639284
673936
648025
629250
610589
641860
676896
606532
613031
694351
692959
686435
637239
626012
675706
624948
665409
635854
692851
698264
652574
668885
642551
608509
690992
676030
673052
673348
647371
633190
687452
636787
623767
698365
666318
616683
690525
693270
685063
647837
692639
687382
695323
669119
680052
673120
605570
693186
620221
626248
698158
682082
619642
697782
669728
669571
649433
626129
646948
678570
656302
658225
602646
658614
614876
662309
655260
641663
648429
669302
675784
611690
683168
657418
636509
613733
669928
633104
685041
632043
685373
617411
676214
699660
681351
653855
697175
612082
624344
678139
690563
677977
657128
632027
618013
601522
698548
637461
635757
659906
643853
673604
629765
690238
658621
675307
660028
602971
646066
653526
659573
676594
657361
635666
699998
631056
667277
642763
620727
615976
622819
633976
650238
679523
605097
695825
678384
619037
652515
658058
619296
664387
689887
666922
603621
699865
691791
693784
632075
630890
609889
614192
673649
605759
610487
647694
651171
620654
624778
682352
655515
664412
638053
645802
684682
654804
609475
684986
624750
635162
629861
612520
616264
642444
630123
665235
642017
645232
601718
663587
676930
661156
658576
611363
606401
685104
640755
636330
678712
689923
628586
638060
623170
684348
680378
689034
633085
644019
688132
601705
689520
636180
648144
680999
623812
663345
651009
642143
628609
600028
693538
692218
663712
609034
649770
649975
635286
697779
659231
693551
658774
678492
665166
646584
609121
605564
614128
632218
695362
664705
637181
616948
662898
607948
691760
675284
651144
698052
697518
660665
623261
645192
603590
619328
616678
642514
607577
693090
684070
652794
628484
691509
663668
685414
672282
683636
608214
636541
663129
644832
625699
676588
657886
696912
631137
694239
693158
673356
600672
625007
606793
658842
697979
629257
601292
671457
632732
647715
674214
621770
641354
632159
692679
697832
609047
644331
641575
629409
607638
632981
622351
690967
622710
697939
640916
642965
651118
666512
610903
672372
689407
608496
600578
634706
673999
602486
606972
674824
640949
603452
681794
665872
672615
634371
620757
695938
638468
630900
675870
683958
663213
689209
654578
624306
639103
686125
603211
641249
643961
640486
633861
633162
658722
653874
608954
695935
677751
677859
641971
664336
650891
604981
662323
659223
606927
695559
650782
645781
616346
653537
644363
608931
670954
601652
663241
644256
652893
634445
676247
672175
659490
646910
613099
619423
632735
647835
643604
650851
661383
671130
661315
699495
664587
614325
624868
623823
647640
611628
644321
665957
685318
692725
663621
650583
664386
649807
618908
631835
607810
673415
628764
667775
602414
670607
618232
646489
642411
644212
671803
688398
663634
699365
681702
667470
615881
634965
605563
675725
664776
621552
690595
620347
622077
664565
688334
655350
610273
685108
610197
690400
666804
698453
675332
618738
611991
639021
669286
638856
605331
696302
629455
601566
635481
666198
630755
687742
685060
627288
603988
644586
643414
605594
638308
646224
615134
611462
691987
657652
619295
605326
695209
618695
653400
682982
630930
624867
692120
653113
604060
676791
697028
604948
606014
663202
679749
661634
651814
623948
668693
692395
653644
676909
679955
623577
614683
687645
636215
618959
649545
645982
676445
675428
668105
647006
698200
633394
629225
601361
664381
630139
683822
653902
659637
685504
685947
673232
664766
624870
659721
635961
694184
661210
643287
676726
656452
610685
677372
606849
628597
679555
649476
602013
601208
634159
635799
637151
696569
626352
639279
614311
612591
621296
671412
635233
615594
691980
661765
614637
650729
690757
646273
664156
688651
649749
653036
658158
663508
693132
621303
695076
648189
695625
697487
624024
646188
677451
693457
655578
659448
673191
615110
693077
601131
637561
650536
667317
608666
601373
619722
600803
640171
654911
671976
650208
654047
612222
626786
620860
648782
691867
608344
663423
611586
624651
647175
670287
608851
671802
686217
692972
695140
695748
608061
627597
643706
652385
656454
680109
670788
649986
610576
674216
636476
680024
688213
639937
641061
664731
622198
671855
651070
618766
634392
648026
651741
620808
669196
684744
671439
641660
677819
631882
669194
608617
681896
646536
679920
636684
694368
654914
656173
638570
676461
683611
637071
623063
698593
658724
623512
699509
683850
694554
660152
654681
686155
627766
693694
671752
617884
658083
665181
622915
671166
600389
631893
620412
624526
638633
605565
637805
692893
613797
699622
650369
688154
672581
656341
655748
628906
664548
660668
665140
678880
665545
628611
662243
607004
659445
605764
671087
654434
653166
610593
635243
668654
667727
681430
691440
656960
634682
646906
635057
606535
641919
675458
639785
643732
693068
655343
629418
663001
661789
627986
646036
671118
641593
690791
645613
637492
630804
691668
615956
634135
672946
679318
641688
663727
688770
617547
619253
680077
604688
683050
653891
677265
676676
651249
645526
688607
619376
626297
643138
648706
651825
640429
648580
659241
624220
699640
663529
612290
611644
656560
692709
617263
600580
676806
691665
618839
629728
686872
612252
669272
608038
600023
614035
617057
668755
675279
667804
634416
661931
659172
615558
652576
697330
645008
645001
642498
603798
667018
686299
607484
644622
684886
668574
677918
677294
631947
682474
678365
654648
619753
600772
699664
612144
693108
605902
671103
685377
617333
681603
665289
697083
662100
628941
604027
654183
611395
608053
676702
649425
643655
621738
611870
616731
661764
625536
670625
606184
673023
625814
641669
606490
652695
640836
611367
683752
671717
699494
682404
646662
669820
663428
601093
665984
651701
640899
678442
630290
624935
635091
630599
604363
605450
654393
682548
653654
659384
655757
689556
668283
645212
693731
620028
697482
646166
671609
680270
636100
693356
697997
619290
625337
615414
694130
696781
620386
639684
634438
619874
635787
603883
698468
643613
699673
654172
627985
699270
637238
689561
626990
625098
669567
679381
690688
637552
681541
612724
653762
606867
675415
652643
603502
667247
637005
627738
654362
638380
622422
665446
643711
643773
703697
767592
799562
794736
776549
779266
775832
796866
775766
788606
710558
710520
774594
766562
705150
722280
752544
701813
721705
704217
772139
710056
737833
733186
759973
700064
790796
717562
715651
775751
764100
735707
765724
756437
789828
729427
702721
778005
776087
744360
797252
758805
708882
763646
779274
759525
706348
713854
786354
786128
778627
744086
702095
727869
781176
702575
793683
731405
766715
730833
721456
783242
767588
775859
711847
757301
777099
757907
765538
739177
705628
784177
701414
740482
767797
764046
723865
715345
700438
704812
726204
783119
742657
705686
789394
781561
713582
770630
770071
750769
791191
711549
717216
762579
708224
798589
787508
775382
792607
737089
736226
741073
769427
723746
755039
783223
776074
765086
782486
765459
720545
739355
775931
717908
701320
747229
721649
715498
718788
701235
793980
794666
741703
730932
768721
789698
741525
773840
717773
718423
793657
764934
745252
760022
727086
768377
770129
782923
730003
747927
723750
748367
727843
716627
742018
756519
725594
715544
792090
793985
785142
755394
770863
773268
727057
720346
740924
741868
750298
788206
750099
772603
713914
799843
778896
775566
716161
763383
760618
793818
756783
725249
726396
768393
711411
756661
763332
779012
747665
754599
764758
753699
730897
743109
797584
792274
707143
772561
731013
739519
794831
771730
749463
736175
716460
796451
713662
765000
792267
708294
711780
718239
713419
717172
740563
781627
734782
794033
744029
716104
777302
764491
706762
731815
779042
717930
710352
795487
784096
747946
744894
796895
712265
765429
750054
792108
753814
753779
738558
748691
784961
748631
797306
712333
725613
796101
722926
735712
782130
744821
714794
700489
705665
791583
707201
752919
715294
795112
733090
772100
712195
741494
786805
755087
750830
740980
734753
764697
734830
719260
785182
793367
785253
750383
705698
717238
753660
734466
738510
799809
702467
796013
739570
748341
770142
709761
730934
760109
722073
716164
753517
704772
747510
709999
731378
769091
736001
793472
744089
706430
778498
787512
738538
716048
750604
795849
711036
767979
724524
768333
722322
715060
738672
775092
777715
715386
797686
720362
798852
707330
768255
703497
754200
787529
738272
706005
781124
731886
774086
784505
746030
766339
711740
736656
723331
708358
717468
733879
708215
701997
745096
728272
772333
714368
784240
797296
733669
787243
722240
775686
797471
734623
746031
749839
793435
716289
765373
725858
744494
715095
735885
757469
794368
704756
767117
702922
787625
727840
705776
776012
794016
781462
756846
702312
719197
738215
781765
735286
774339
776380
785029
709577
724854
708068
769139
761897
718061
721494
760828
751333
755654
715558
736624
730241
751238
738240
774541
702131
762618
757321
728857
759125
799648
738658
784014
765253
777229
739968
742904
715685
741222
707857
771158
798460
763175
790421
750367
749296
744291
700719
755582
788575
785588
731985
792212
778685
734474
775645
727341
756300
759182
703996
718486
747957
780724
701621
772386
708730
766000
778069
729990
701152
794835
714217
758253
721769
756714
708090
777206
726487
711154
702747
744314
784438
731640
755972
758656
768683
730620
704808
793905
781477
729362
733209
755487
727494
771447
745959
797171
741370
729278
767737
721767
793629
788294
762841
754591
780790
713112
760211
732635
747235
742530
722532
746621
738281
715055
743115
755586
776720
706989
755502
728500
754130
741925
732571
719192
740221
774290
770193
740343
727798
724833
783217
723004
767528
797901
704851
788085
705978
715136
731931
711833
796354
784997
738526
776463
761119
793624
788947
706277
753417
708491
776270
719288
785479
700301
784030
778629
737107
724275
716543
747524
788519
775203
753256
794838
714968
745979
749039
797066
794421
762929
746513
756903
781443
742330
720861
773223
706540
743329
715788
711698
787530
788991
753403
786909
797541
744493
788278
766457
755609
763738
787435
762720
760167
735294
753977
798845
777228
753173
781159
792265
776873
788529
716775
789946
768491
731100
728538
798132
790266
766632
726952
749910
774218
752978
783738
712589
728808
793850
744772
728757
755141
738797
761790
701328
789005
720267
723633
759779
717363
701814
746224
737609
745481
724895
718110
710569
793043
750822
703191
701571
742384
768056
727597
781395
767931
746374
791993
771250
756801
723394
726177
792470
772703
723988
720242
733761
782849
708946
705448
799896
791969
737169
723849
754248
710178
700615
754097
716620
788828
793401
734858
758384
739612
798651
741118
707999
735717
706199
790463
733319
778542
755310
711301
785842
779234
700743
747273
753358
791078
765949
732107
761355
718774
712681
787885
728473
789430
706990
767960
766043
766672
734021
793975
784514
769860
752392
725556
789641
786687
799695
741148
703557
737996
723446
777634
790515
761629
706528
740950
709235
789624
700251
778039
758979
792809
714921
781182
736480
790117
704367
714692
764103
775545
736316
708781
721022
791079
798386
718434
723420
794590
792380
715710
763264
728284
724020
745733
784301
782602
736313
742976
795929
741581
745941
796144
737994
740087
785137
799965
716974
765017
762715
707397
731962
720441
760122
779762
790097
774598
709461
796749
751159
709613
773719
716666
730669
751269
772312
766768
705805
776547
721945
797079
761719
718550
724191
788584
763877
707512
740356
723388
769277
747494
734719
758159
752310
731615
763538
747983
703342
707791
729845
700410
787710
760378
733718
734329
741252
758456
728484
739037
738728
796495
798382
792723
711712
749754
776555
719603
763464
747834
753387
761634
721063
772200
752931
766964
722695
741933
752472
736844
771178
743385
705872
767128
765021
777203
722474
763014
727715
711285
782643
781419
779322
730618
777779
769266
797908
773071
729767
712519
778639
795037
748035
758922
729771
716449
747485
705482
748376
772987
733342
739839
707921
700548
705268
737297
776329
797156
750118
723701
747533
787504
701179
759647
724132
754656
706741
731278
732146
727953
730571
757765
777057
755300
748633
791389
715004
713528
781185
710671
753643
783682
756070
758290
722404
729730
751634
730022
728724
794317
794967
782431
765519
781665
700891
784233
772602
710237
705912
783505
712488
754817
770912
775647
785989
756570
767814
772676
785021
713782
784706
736695
773895
720442
786904
702263
716623
710126
706230
792792
750371
728536
786705
774311
735243
726899
712918
727305
782604
748518
750872
785327
711365
729102
716601
738274
759705
734587
708186
727289
712298
707151
793454
743322
759974
743435
736491
723039
736142
796500
791560
722604
766269
705374
774440
748151
777999
783140
731822
708989
737033
793654
793915
722512
754070
770111
754956
743351
760302
733020
773725
742256
778897
762222
723965
788509
764323
753224
704115
755792
788462
732656
725123
720949
791612
738829
793153
776250
721969
713382
788646
709542
754260
792024
785151
782044
705604
788592
796860
797493
729609
752248
774335
791772
749882
707423
769965
773806
730262
761417
799367
788355
704471
775098
706096
778293
762898
775809
706807
737758
719219
708873
787090
796849
750342
701126
807725
821845
800742
886744
853688
836057
812281
887987
893674
808825
816977
818127
833953
871882
887754
800729
861054
860891
882708
801598
876972
856919
828500
808083
829529
861571
803138
885628
822759
858736
857661
800673
872153
875984
891716
858983
800320
814470
809215
852663
888715
881679
835141
821571
811965
837648
895604
848153
879960
812264
871218
877988
859853
867621
817006
891271
873136
825193
828590
861495
877951
827341
899625
834582
806998
883412
810633
812166
867566
834069
809279
867063
882853
861971
818456
834673
847363
816819
838027
890922
889827
837125
800061
802612
894880
890165
873540
897994
846417
807560
860097
865415
809933
850181
803407
815521
834345
898479
885370
897166
840128
894197
889707
855420
877648
891275
860311
827999
820550
800506
845165
832768
886816
881569
813792
850690
852995
829966
836058
800156
877059
865216
852038
857351
836985
876348
849988
867966
859436
853083
868228
870087
897015
864767
844988
839844
871375
881796
817946
849937
857576
805354
896909
829020
895773
816310
802676
883875
880824
815123
845545
814276
816898
899291
865237
850124
871285
871745
849662
821957
838530
810539
826717
837596
830103
867574
820229
822617
895834
881459
803843
894351
886880
863918
871012
812248
847777
804377
816623
897582
880010
882104
885551
870953
842111
816739
875088
832334
826881
874082
879062
801700
827888
801117
886109
820220
852642
852654
878648
891840
859472
879530
855449
874962
859823
824798
832121
887222
818747
871091
838375
812836
804715
811553
845300
831543
895032
834901
822914
884350
806403
884034
834808
875351
848904
858208
894727
874958
837250
891791
824010
898510
876990
892604
847950
834743
860783
893702
836140
836297
817118
836631
836213
874914
899323
886411
801519
850388
817986
843358
898497
817561
828071
834190
877472
859494
816583
891196
807864
888345
830133
820138
856979
805391
896749
861374
874041
864759
836853
880372
882528
871269
869102
886382
812325
827731
850090
838992
832257
860100
806396
834049
812130
826636
886890
864480
844475
808343
880092
827716
819064
853720
898624
885613
817691
828446
843028
843551
826153
851950
849451
892311
870873
861487
848795
837187
820438
832425
862866
847281
839710
895808
831899
897601
812719
864521
895274
866778
866553
867371
813699
867502
844241
835454
845087
895431
899101
849965
863383
858328
843450
809261
861267
847506
801019
823791
876828
816273
810005
867745
877870
865873
879819
800065
840834
813417
828709
863741
853493
817895
878273
866611
868086
820150
803530
800164
841487
868148
894295
818700
895470
802888
872480
807411
826420
806394
895753
817054
877209
880511
814396
800031
894779
877697
884964
893524
815870
803749
878275
830932
818785
826933
871486
867079
829261
809243
807803
840666
868987
890496
800612
858131
805235
829041
817186
858982
841195
898817
843082
816284
834771
863925
860922
843951
870963
887234
825737
813536
865028
825587
821257
875115
826158
808304
848882
828192
851871
805247
890070
886652
836271
877612
838178
830657
816581
845735
891334
851094
821227
868088
847378
840209
857148
879992
822186
892102
859511
864496
846335
802526
850416
878799
854616
824547
855574
887378
871153
830609
894609
889964
812932
863962
803574
824287
810616
897663
861004
869077
853822
889851
857877
895751
850848
855239
827907
890389
804567
848270
861706
838563
843662
847704
876655
801694
895619
857342
850936
844459
872246
828786
833307
849770
817179
883848
892432
872021
822702
819730
886951
807062
819601
803376
875620
830837
855592
816205
837219
817937
852566
867929
868038
844480
898385
866433
846437
828632
889624
833449
885087
869853
893817
830881
854823
889297
878965
886992
875736
871392
804520
801386
877265
882476
881501
866570
886811
831456
875799
890778
880127
805818
882213
874291
821855
877967
846618
805138
828544
868121
832770
807457
812805
842876
818908
823862
876121
825249
832677
815392
882612
821088
828539
830728
837365
894599
883939
890640
897107
869812
809390
871341
839494
813725
837718
856732
803712
865377
815180
872579
847497
865623
877434
835585
838639
849425
872656
877986
821514
837873
888398
801535
871569
830733
891636
868080
844462
873605
889879
844178
849709
818089
838668
800382
884469
843048
897675
849201
849719
802730
839202
837625
895107
800051
826210
856118
835954
840115
891756
857224
827251
814289
866186
898052
824004
817592
878231
814854
833304
835416
841940
868137
892232
843470
847730
817589
817575
817662
851598
826535
830355
889582
806976
886394
881443
822073
810021
855918
827240
821555
828359
871775
863829
822988
863020
831472
809115
823072
855309
839835
812363
899755
887323
869973
852087
830416
823320
804436
812606
838500
800041
875403
856360
807225
822538
828046
818962
820883
810510
836615
895868
868584
807552
801554
828962
853951
836246
800490
899668
856281
894964
877845
847445
832296
818068
863822
852177
895232
861614
888001
880911
877420
868808
878199
809091
846859
869769
899535
841119
823221
816421
860473
896668
844422
853094
887929
882910
811583
852882
850634
889788
825959
829809
839312
824791
836096
899303
897900
824046
804617
865100
871843
819024
854306
888679
820954
889783
811053
828494
899183
803121
810995
874724
864680
821116
809400
869469
877125
882497
824573
831359
848111
820832
833127
853220
813746
830704
846413
802093
856941
839255
854875
813603
833428
831336
845737
889976
825791
881860
867536
804962
899997
853692
841452
891028
873456
887010
892803
829711
847570
895975
840802
856439
810431
816835
892871
864333
823454
814678
834311
889761
812282
828698
831000
815216
800822
810907
837802
830452
829227
891303
802909
839845
894728
830802
861534
804272
842868
886166
819074
899985
899060
879048
878625
893150
803535
870586
803778
815899
855515
838749
827573
819666
836598
847353
887163
856420
858074
815706
822450
852211
842528
839712
881358
837308
843140
850008
887618
829718
859260
811171
811169
801813
840360
829869
894365
834191
834992
893716
846884
806926
803967
873946
867666
851218
824988
885670
824540
872990
830313
828316
872618
875639
805496
816496
849226
893235
879624
884933
810440
826197
825977
812143
892834
828109
864736
834217
887097
859144
851413
894662
883355
856021
802446
832620
806607
811908
859365
833899
802554
828184
832508
865266
875364
857883
836493
873364
817296
811776
894445
817272
898593
860293
819264
800294
862846
873904
811579
841269
834090
823382
893301
886172
856017
883650
855339
840478
800564
841697
802358
842114
812063
880032
856602
829735
831527
848353
873781
817178
873672
811814
828205
857442
889746
800894
823328
888997
865087
868821
814675
891857
854858
848187
884345
895338
845889
876291
889913
856580
862281
885447
809007
800130
857311
818794
821024
881760
840144
857277
806144
840764
807765
864872
884629
839630
890981
803505
865641
801681
899322
875640
868847
838532
893210
890443
840131
883390
863459
885497
821022
880674
892999
813942
887098
892253
864801
845176
846958
822878
811685
804525
859680
860979
802661
803519
868971
865490
818458
885902
808959
860837
851797
876406
895500
812995
856251
868010
843649
807267
815591
824679
864101
