1,100323
2,10205
3,103523
4,104106
5,104963
6,106632
7,107158
8,108454
9,109972
10,110242
11,114624
12,114892
13,115611
14,115628
15,116012
16,116071
17,117284
18,117457
19,118171
20,118974
21,119159
22,119256
23,119593
24,120613
25,121492
26,121716
27,123170
28,124868
29,125249
30,125509
31,12591
32,126752
33,127399
34,127862
35,128020
36,129
37,129494
38,131484
39,132368
40,132701
41,133173
42,134176
43,135132
44,135441
45,136459
46,138709
47,139433
48,139480
49,139534
50,13962
51,140326
52,141959
53,142211
54,144715
55,144777
56,14520
57,145586
58,145722
59,14592
60,147210
61,148631
62,148799
63,149273
64,149544
65,149987
66,151204
67,151516
68,153976
69,154324
70,154943
71,155428
72,155873
73,156950
74,157256
75,157793
76,158059
77,158806
78,159112
79,159747
80,160057
81,160079
82,161150
83,163132
84,164342
85,166747
86,168020
87,168519
88,169917
89,169986
90,171378
91,171398
92,171489
93,172177
94,173116
95,174769
96,174895
97,174898
98,175445
99,176490
100,176634
101,177003
102,177508
103,177740
104,177848
105,180421
106,181154
107,181527
108,181996
109,18283
110,184701
111,185074
112,185156
113,185529
114,186762
115,187132
116,187398
117,188694
118,18972
119,189723
120,190007
121,190233
122,191879
123,191915
124,192
125,192068
126,192921
127,194189
128,194421
129,195102
130,195813
131,195850
132,196622
133,198539
134,19912
135,199217
136,199338
137,199380
138,199825
139,202097
140,204254
141,205558
142,205623
143,207104
144,207145
145,207198
146,20829
147,208548
148,208602
149,209049
150,209087
151,210826
152,211232
153,211490
154,212206
155,212290
156,213972
157,215206
158,215544
159,216254
160,216303
161,217343
162,219034
163,219441
164,220295
165,220724
166,221543
167,221717
168,221984
169,222352
170,222858
171,222896
172,223870
173,225254
174,225527
175,226081
176,226233
177,227201
178,228477
179,228621
180,229615
181,230290
182,230444
183,231261
184,231288
185,232335
186,232412
187,233163
188,23506
189,235074
190,235840
191,236741
192,236998
193,238376
194,239072
195,241345
196,24307
197,243239
198,24415
199,245119
200,245588
201,246617
202,246757
203,247053
204,247526
205,247558
206,247653
207,248123
208,248224
209,249935
210,25047
211,251366
212,253655
213,255427
214,256087
215,256401
216,257193
217,257411
218,257448
219,259484
220,261175
221,262942
222,26354
223,263892
224,265193
225,265384
226,265629
227,266264
228,266566
229,268392
230,269613
231,270754
232,271585
233,272641
234,272828
235,273496
236,274430
237,274692
238,27511
239,277274
240,278357
241,279017
242,279184
243,279808
244,279870
245,280252
246,283480
247,283850
248,284512
249,285976
250,288152
251,288814
252,28953
253,29363
254,29370
255,293947
256,294051
257,294063
258,294679
259,295129
260,296491
261,298378
262,298640
263,300454
264,301569
265,303280
266,304573
267,30474
268,30481
269,305106
270,305347
271,308080
272,309195
273,309209
274,31096
275,311050
276,313328
277,314718
278,315395
279,31646
280,316464
281,317314
282,318069
283,319094
284,319761
285,321163
286,321170
287,321883
288,321975
289,322327
290,322504
291,322860
292,324631
293,325268
294,325456
295,325933
296,326233
297,326407
298,326908
299,328069
300,329684
301,329840
302,331535
303,331700
304,332667
305,33337
306,334388
307,334389
308,337840
309,340123
310,341169
311,342535
312,342807
313,342986
314,343089
315,343761
316,344110
317,344911
318,346103
319,346161
320,346681
321,346872
322,347338
323,347464
324,348433
325,349056
326,34908
327,350625
328,350717
329,352373
330,352702
331,354092
332,356111
333,357045
334,358205
335,359593
336,360459
337,360970
338,361168
339,361635
340,363170
341,363645
342,363802
343,364975
344,365880
345,367194
346,368345
347,368956
348,370361
349,370445
350,371554
351,372432
352,37518
353,376501
354,378724
355,380088
356,380502
357,381260
358,381681
359,382601
360,383267
361,38453
362,385540
363,386382
364,386836
365,387522
366,387998
367,390360
368,391140
369,394614
370,398807
371,400094
372,400347
373,40079
374,401799
375,402699
376,403469
377,404000
378,404276
379,404521
380,405686
381,406170
382,406488
383,406514
384,406996
385,407510
386,407705
387,407937
388,409498
389,410854
390,411102
391,41196
392,412078
393,412379
394,412751
395,412764
396,4132
397,413939
398,415549
399,415555
400,416493
401,417338
402,417655
403,419583
404,421157
405,421283
406,422399
407,423378
408,423764
409,423965
410,424602
411,426716
412,429724
413,431058
414,431444
415,431941
416,433985
417,434253
418,434890
419,437013
420,437313
421,437647
422,438590
423,439026
424,441505
425,441928
426,442247
427,442985
428,44547
429,44551
430,448645
431,450208
432,452410
433,45494
434,455210
435,455705
436,456408
437,459714
438,459983
439,461351
440,461400
441,462077
442,462763
443,463119
444,465436
445,466863
446,470179
447,471953
448,472409
449,472460
450,472917
451,473573
452,474824
453,477127
454,478082
455,479850
456,481155
457,482754
458,482892
459,484232
460,484423
461,485593
462,488457
463,490522
464,490667
465,493456
466,495027
467,496222
468,496235
469,496752
470,496818
471,497884
472,499629
473,500233
474,500237
475,500699
476,50077
477,501011
478,501583
479,502037
480,502718
481,50323
482,505262
483,506535
484,506911
485,507987
486,508064
487,51139
488,511520
489,512574
490,513275
491,513864
492,514239
493,515846
494,516546
495,517639
496,518156
497,519273
498,51945
499,519834
500,519975
501,520295
502,521166
503,522099
504,522847
505,524058
506,524359
507,525062
508,525481
509,525529
510,526067
511,527452
512,528793
513,528897
514,529866
515,530933
516,530949
517,531550
518,532155
519,532437
520,532798
521,532956
522,533464
523,534205
524,534357
525,534825
526,536395
527,537196
528,539061
529,539588
530,54004
531,54019
532,540421
533,540573
534,541518
535,542433
536,542434
537,543751
538,543784
539,543865
540,544235
541,547949
542,549171
543,54960
544,549916
545,55023
546,550835
547,552440
548,552878
549,552905
550,553328
551,553510
552,553739
553,553802
554,554734
555,555073
556,555704
557,556643
558,55838
559,558427
560,559
561,559829
562,5601
563,560323
564,560544
565,562009
566,563260
567,563560
568,563566
569,563623
570,564388
571,564410
572,565052
573,56581
574,566016
575,567044
576,567776
577,568607
578,569006
579,569684
580,570390
581,571569
582,57224
583,572262
584,574754
585,574799
586,575144
587,575916
588,576046
589,576193
590,576456
591,576681
592,578964
593,57993
594,581034
595,581696
596,583276
597,583925
598,584137
599,585002
600,585238
601,585781
602,586137
603,586295
604,587368
605,588577
606,589225
607,590922
608,591503
609,592643
610,593842
611,594052
612,595016
613,595977
614,596241
615,596924
616,597157
617,597760
618,59783
619,599417
620,599606
621,599917
622,600561
623,600873
624,601387
625,602503
626,60403
627,604961
628,606584
629,607200
630,607507
631,609114
632,609510
633,609748
634,610257
635,610397
636,610494
637,610643
638,611379
639,614556
640,614748
641,61487
642,616507
643,61794
644,618041
645,61997
646,621154
647,622171
648,622231
649,622939
650,624175
651,624515
652,624554
653,624834
654,624870
655,625077
656,625410
657,625816
658,626574
659,62750
660,627571
661,628927
662,629466
663,629552
664,631878
665,631911
666,632789
667,633356
668,634229
669,634873
670,635543
671,636511
672,638216
673,639228
674,63961
675,640870
676,641929
677,643509
678,644044
679,645433
680,648558
681,648794
682,65008
683,650246
684,651503
685,651573
686,651627
687,651832
688,651861
689,652393
690,655884
691,657649
692,658174
693,658810
694,659131
695,659923
696,66190
697,663336
698,664239
699,665117
700,66568
701,666149
702,66708
703,66826
704,669174
705,670654
706,674003
707,674239
708,674527
709,67457
710,675231
711,675845
712,676961
713,677282
714,677619
715,678083
716,678680
717,679510
718,681511
719,682646
720,682735
721,683450
722,684915
723,686610
724,68701
725,687836
726,68791
727,691262
728,69133
729,692169
730,693406
731,693435
732,694120
733,694152
734,6943
735,694884
736,695718
737,696359
738,696541
739,696965
740,697235
741,697861
742,69812
743,698520
744,698747
745,699286
746,701417
747,701510
748,702018
749,702337
750,702449
751,702939
752,703162
753,703262
754,704780
755,704948
756,705295
757,705952
758,706738
759,707887
760,708549
761,709119
762,709428
763,712879
764,713012
765,714301
766,714478
767,717159
768,717473
769,717553
770,717745
771,7179
772,719227
773,720017
774,720970
775,721323
776,722309
777,723040
778,723230
779,724034
780,725651
781,726586
782,726759
783,727160
784,728624
785,730250
786,73142
787,73188
788,732790
789,733795
790,733941
791,73594
792,737596
793,739834
794,739847
795,739937
796,74030
797,740584
798,740629
799,741277
800,741531
801,742248
802,742297
803,742584
804,744014
805,744717
806,745914
807,747035
808,752361
809,752415
810,75319
811,753836
812,754210
813,754811
814,755594
815,756613
816,756940
817,756953
818,757105
819,75720
820,758235
821,761115
822,762830
823,763405
824,763541
825,764495
826,766898
827,767086
828,768648
829,769330
830,769669
831,773221
832,774870
833,774960
834,775078
835,775522
836,775754
837,775859
838,776966
839,777490
840,777593
841,780019
842,780131
843,780470
844,780947
845,782542
846,784124
847,784728
848,785171
849,78540
850,787086
851,787304
852,789627
853,789934
854,790114
855,792251
856,792693
857,79290
858,79299
859,793931
860,794051
861,794348
862,794829
863,794867
864,795532
865,797302
866,797683
867,797996
868,798954
869,799416
870,799426
871,799837
872,801235
873,801537
874,801936
875,802669
876,804149
877,805074
878,805565
879,806470
880,808703
881,809624
882,809814
883,810
884,811914
885,812252
886,812513
887,812657
888,812760
889,813617
890,81384
891,815456
892,815990
893,817955
894,819751
895,821393
896,821560
897,821909
898,822443
899,822865
900,823005
901,823857
902,824357
903,825230
904,825790
905,826128
906,828224
907,828356
908,828503
909,828609
910,82948
911,829682
912,83170
913,832041
914,83262
915,834061
916,834982
917,835758
918,835875
919,836102
920,838588
921,840819
922,845740
923,848274
924,848372
925,850111
926,850131
927,851575
928,85201
929,853261
930,855688
931,85882
932,859668
933,860211
934,863439
935,863999
936,864449
937,864745
938,864844
939,865047
940,865443
941,866290
942,869821
943,870768
944,873411
945,873526
946,874039
947,874320
948,874383
949,874497
950,875232
951,876079
952,876189
953,878289
954,878342
955,879444
956,879484
957,880376
958,88117
959,882791
960,882915
961,883388
962,883856
963,884074
964,885305
965,886061
966,886279
967,887328
968,891084
969,892725
970,893977
971,896897
972,898423
973,90233
974,94093
975,94611
976,94830
977,96312
978,97600
979,98324
980,98903
981,98974
